1000
411
-446
231
-293
610
458
29
-964
-525
-904
-498
-668
-187
-262
-947
526
406
-490
111
334
-628
-860
388
-216
560
124
-401
574
-874
-896
-843
-485
703
552
-881
212
990
-683
444
-437
966
-769
-311
-726
-360
-908
-304
246
453
-64
-342
-891
-758
-369
287
-507
-192
19
274
-971
-607
60
446
460
-349
-526
-850
-362
-339
-458
-117
949
369
-295
-580
-306
-636
104
-774
-392
-154
470
-442
249
767
-943
-622
-281
-598
965
-105
-640
50
-748
353
872
416
-354
-367
-531
-261
562
504
-220
299
133
7
-405
-630
408
-423
596
-69
684
-833
-429
-817
-613
308
-391
-818
530
554
-249
690
682
-894
838
953
412
499
-756
474
403
394
907
51
945
-409
-165
296
429
123
843
-211
-926
230
654
219
881
-482
-244
-424
-841
-660
-674
-19
448
555
291
209
355
-664
331
312
-379
698
-425
-329
-775
539
185
983
-721
-319
447
-3
-221
-382
738
778
-414
513
-673
-680
763
-287
-256
-275
631
233
-960
-132
273
-567
-549
102
-270
11
-336
91
-835
-936
387
598
664
156
958
-672
-344
-447
-511
-408
822
911
590
893
-378
-239
-987
-693
-514
806
-478
-840
547
805
718
-58
-592
-259
-635
-798
-956
-158
-273
632
167
362
-54
-282
-37
-63
-538
-159
-871
643
-147
86
601
591
-347
-316
-738
183
-959
54
507
3
217
-461
-842
-142
166
319
-245
433
436
-210
-489
-204
254
655
-53
62
293
-31
324
-691
839
-365
-486
713
503
-561
-499
383
226
-616
-149
-55
-623
-965
-395
473
967
-782
-209
-899
-119
171
-624
25
-317
540
973
-953
829
551
-80
-506
964
-741
637
-334
150
-752
-6
-168
-96
922
567
107
87
294
-144
859
-464
741
826
-656
731
932
804
-744
-50
-435
516
153
-212
184
259
-452
-13
434
-366
-492
-355
-722
-820
-41
-497
277
358
198
-546
489
-77
279
-649
195
-797
-747
271
699
740
-530
980
527
-686
-60
-157
-696
-16
-352
-643
788
-47
976
243
-120
765
970
251
930
-290
-958
784
-806
215
228
852
486
-500
66
-998
-108
290
-790
-777
-826
-481
696
-21
-455
-398
-214
148
-225
847
-596
-925
924
190
188
-112
389
83
-190
836
725
-593
-951
-241
887
-527
105
199
977
-450
-542
43
-40
-556
758
-171
-611
-948
360
75
-375
352
-123
-322
972
734
-627
-781
952
680
283
-374
-115
165
-968
891
-522
-226
496
-100
300
-773
-730
-792
252
849
-384
65
-572
-269
706
-654
568
-231
214
882
-85
856
-466
-815
727
462
310
422
349
-134
-503
-950
327
-351
505
-298
-265
817
-924
896
-87
-79
-988
663
876
525
330
189
340
-30
247
30
884
435
36
61
702
420
385
-169
-897
-229
-419
-540
-975
-961
207
-922
963
59
-501
753
155
449
-7
599
892
17
-403
-957
542
-56
-831
-807
92
20
-780
-449
535
-302
974
-606
168
-865
-829
714
937
-604
-845
-45
400
662
9
-161
-61
675
585
-545
737
-440
-233
305
-973
478
900
830
-985
68
926
-303
-541
-707
756
-325
-877
626
528
522
-68
-390
799
575
33
-849
192
719
115
-145
337
109
143
-321
-34
-35
-146
616
301
672
946
506
304
-569
-848
-81
518
401
377
282
-197
-650
-920
-930
281
942
-454
-880
920
450
-38
-135
-994
795
-706
88
-832
144
544
-368
40
-626
-185
816
466
6
407
-470
800
653
-189
-301
201
-180
117
-669
-218
-126
-230
743
-274
376
127
-631
108
264
-422
-652
346
913
564
93
-104
-32
-162
541
-86
993
-160
-128
-532
-979
-963
464
69
563
-433
-428
895
-581
-585
-228
-940
-314
-416
128
437
578
-689
-509
-789
-227
925
-717
343
-827
-974
609
375
-867
-981
-515
728
121
-751
-921
-148
969
-513
-247
-479
342
-699
426
-205
164
-977
-296
807
582
-878
-984
-854
886
832
748
116
295
873
-252
614
-11
-194
688
717
689
-101
81
89
517
885
85
-884
673
520
79
943
-48
948
-885
147
451
935
-770
84
-946
419
130
-799
-618
32
440
-997
-276
-92
508
707
523
-814
-725
-574
-377
-933
773
751
-579
611
443
232
899
-760
-404
-163
-575
-308
-577
432
487
-727
-886
863
-875
533
754
-701
995
889
-99
669
-10
-544
519
569
-550
624
-639
514
-460
398
-203
-830
339
41
-755
484
-970
629
-718
588
780
-280
716
532
-648
459
-315
538
-882
80
-376
-700
-695
-765
768
-887
-291
587
-213
-823
739
-763
730
329
-771
-268
-76
21
-528
-563
-828
381
-793
-684
-125
502
263
73
903
-71
-512
-753
64
-444
833
914
589
-759
495
-534
371
-905
-586
-768
332
-90
173
656
-800
-637
-333
-761
-468
441
-467
141
-488
-52
-51
867
-535
224
-255
-91
915
789
-89
-236
676
-915
103
-199
-562
222
524
-473
604
97
769
870
187
175
357
650
-346
-402
975
-1
-731
-122
425
455
802
577
336
366
-863
894
-278
98
883
236
923
746
-385
594
-938
755
-267
-502
845
771
-524
-111
12
-172
-138
-70
-238
163
42
798
-864
309
-224
644
494
170
576
-436
404
-340
919
933
-193
-859
-517
837
318
-868
302
276
608
-837
418
545
256
22
553
-537
38
-819
-962
661
-692
288
681
-335
-560
521
152
648
-895
-188
950
-783
-808
